4.612062
3.581869
3.291163
3.119351
2.972268
2.879368
2.795107
2.708983
2.640915
2.582080
2.551488
2.491050
2.453983
2.416347
2.388335
2.359127
2.322291
2.263187
2.226673
2.234062
2.187575
2.160333
2.148446
2.115447
2.083284
2.092962
2.060344
2.048104
2.016221
2.011989
1.983581
1.989310
1.952573
1.931242
1.932082
1.925845
1.881379
1.909412
1.857092
1.865508
1.850130
1.831424
1.831635
1.820928
1.801405
1.802165
1.797935
1.795025
1.799015
1.759507
1.756487
1.768286
1.750709
1.742056
1.734560
1.721206
1.716996
1.713960
1.718220
1.707814
1.697910
1.687181
1.699427
1.676163
1.686281
1.678952
1.681001
1.670230
1.684628
1.663977
1.659863
1.663859
1.656671
1.672316
1.651105
1.648822
1.633511
1.641088
1.641929
1.633968
1.624054
1.640182
1.640320
1.631604
1.604862
1.619485
1.616965
1.601269
1.618040
1.607218
1.606769
1.606492
1.612035
1.602607
1.608747
1.611022
1.601186
1.594868
1.606607
1.611088
